2073
4527
203
5646
1092
168
1058
1863
1033
2660
4670
3665
2002
2097
2599
3335
3970
5331
4480
3635
2671
199
5925
3415
2265
5794
4249
598
4690
3631
3777
4524
493
765
2105
2833
828
4927
275
1013
2366
5599
4185
4731
2892
2506
1589
5300
1648
1142
3317
4376
3359
4834
4314
2378
4581
4938
2176
5942
4820
5693
4294
2507
2794
941
2940
3792
543
3378
4992
3750
3408
4935
1393
3283
3354
1781
1971
1850
4071
1603
5941
2784
910
3284
3351
3105
1907
2608
5541
2318
654
4281
1950
490
4267
1497
4032
2974
3447
719
5539
587
1022
4730
2969
413
5456
209
922
513
3459
501
2915
1921
920
3788
1685
5512
4177
4829
2680
2475
352
2028
4882
977
9
2271
4631
591
2658
2125
799
3669
1859
4110
1137
3057
5499
208
2551
5972
3467
2273
5406
181
4625
1409
1619
3190
3776
5150
2498
5186
730
2939
1479
1198
4892
580
27
1286
724
2499
4457
4353
4205
1984
4
263
3576
4378
574
4807
41
1938
3826
5108
4597
144
4876
3615
5527
326
2826
1037
4523
4650
4088
5575
4482
2348
4896
803
5074
2226
240
2436
2689
5230
3469
3086
1175
5614
3657
1260
781
2183
1422
4216
4349
2053
2142
2447
1739
5528
5226
3227
4679
3431
4224
450
5227
1239
2121
139
2001
2430
2308
295
4443
1039
2126
5069
4006
3688
5554
3310
1998
3160
5590
5279
238
28
747
2641
83
2323
4400
847
1204
3963
3037
994
344
4734
1292
81
1767
4022
2503
2611
2237
3347
5218
5952
1466
1171
2638
2642
2788
5562
4285
1596
2505
1093
2847
528
403
4573
5117
2913
5783
5843
607
1237
1235
3811
2123
1770
5034
2791
561
3458
2555
3352
3348
3600
2575
4548
5716
5287
4454
3733
4109
1918
1314
3435
1135
1711
4448
4090
2470
5654
2135
495
3075
769
2502
3258
2738
299
4567
3977
5429
88
3535
619
0
1055
2016
4844
4658
285
386
3693
4821
5159
3616
3808
1968
2290
1872
5156
4922
2343
4473
12
5891
2798
5174
2417
500
1266
2938
1159
5239
5418
3449
5210
606
509
4854
4592
5090
2346
3819
3634
4944
2426
1577
2529
3705
5016
73
2222
4342
138
4366
5221
3272
4871
3632
5571
4369
2564
154
5531
5318
669
907
1705
462
5777
1832
5377
3828
262
595
5297
3594
2837
1330
550
4368
2937
2207
4212
3939
842
76
2987
741
438
1059
2618
1742
5888
4190
5394
855
4708
3174
1972
3471
1618
2519
5246
2967
4019
4933
2716
1578
1458
1411
5871
1364
5285
4298
327
2654
3769
4683
4452
1674
2539
3918
5158
3448
4174
1731
5363
398
5161
4304
582
4265
3441
3489
1919
4476
2326
4752
1229
2686
1046
5307
5751
4091
5382
2483
5735
1309
4141
4918
1321
4192
1623
1028
2991
2932
2389
5052
4719
3257
4952
4773
2297
2171
1655
5971
3427
4242
2282
1284
1835
2948
4671
3406
120
5351
2702
1160
1484
5075
5122
2319
2461
24
2797
1491
4645
4269
3713
774
1275
1568
3457
601
5558
572
3942
1764
3728
5065
536
2663
5883
4170
4538
159
1891
1527
1348
1758
1554
2047
618
3056
2320
4069
4084
5437
4471
5267
4832
4012
5441
4204
2808
455
3485
4607
3373
1430
2878
2765
4545
2078
2024
2786
4879
4574
125
3306
2337
4651
4893
3875
432
2822
2032
3046
1612
1806
164
293
2811
1902
377
4748
5637
1686
988
5027
4402
5570
1811
1684
1018
5549
2397
5005
1076
255
19
4329
5740
1378
2306
2232
3757
3916
2512
3917
1124
3761
3592
2604
2999
2531
3724
3548
4445
3880
1325
3434
66
2982
1164
3187
1071
2179
89
551
332
1390
245
4468
566
4297
1488
5442
5668
251
2427
1647
3834
1396
713
4316
3124
1169
852
3958
195
5132
2035
5282
1819
1729
436
3678
2920
2387
5885
2698
3593
5431
1486
194
4865
18
631
2065
3001
5813
4537
5260
1514
476
4656
822
1336
2112
2242
3217
1205
3482
2096
3752
3881
2838
3239
2132
2545
2452
3173
516
4828
3182
786
4811
2817
4798
614
5927
2787
130
3464
5224
5936
4700
5486
1999
3901
2918
1350
3805
4561
3131
1915
1355
3641
1131
2380
1020
633
363
2278
1413
161
5209
3066
153
2181
178
3428
3453
5324
374
4047
1085
410
2978
177
1302
1866
602
201
311
3199
3442
1842
2691
2214
2396
4198
3095
3763
2195
5157
5124
4664
4576
2202
4013
5934
5560
5378
2399
4183
2120
3807
2632
3964
5170
3866
1029
768
346
4223
1703
3264
5206
3267
2352
1714
5362
2401
2094
4317
5039
4247
1768
1691
4555
1709
5513
4788
3595
2289
5965
3232
5968
5298
3698
1154
354
100
4137
2113
3961
3315
5389
1668
2204
4577
4423
751
876
4899
4667
5008
3868
1050
3016
1804
987
5920
2
4068
5040
1558
1374
1185
1990
1852
1176
5856
4657
5673
890
644
2223
1935
5244
5009
3194
3569
2128
2922
2607
3501
5286
5648
5585
142
286
641
4711
1287
444
2203
4566
5958
5679
4147
5269
4563
5392
1963
514
5904
1199
2345
3000
3312
5094
3320
5205
5391
49
5093
3345
3650
2726
707
1401
1361
4181
868
4780
2626
5220
2315
564
3404
4350
5315
3951
337
2115
1268
1256
1642
2801
4557
3803
1196
3145
3898
1291
3835
900
2606
2114
5973
4787
1548
4666
5428
1748
5296
3314
3477
1385
2748
1167
447
1882
4300
2684
1304
5700
3143
3225
5899
156
3111
1480
2803
3749
5423
1658
5293
945
2947
4594
901
5730
5561
3725
2972
4646
5372
3436
2432
2162
1446
3690
2274
5078
1754
5933
5462
200
4301
3909
4391
964
1177
5195
974
605
1462
677
4073
993
3926
2809
5808
2634
2029
110
916
3998
1932
2729
2339
5711
349
3919
2464
5383
2636
1766
5919
1786
2683
972
2056
5729
4860
2118
1079
3417
827
4662
5872
4818
5421
1481
4123
5618
2534
4925
2424
1875
502
5354
818
3326
3648
4131
1371
313
1947
1980
2020
1862
1338
775
581
1419
330
4240
2992
38
1775
47
4695
5169
5621
1315
1282
3307
5488
5746
949
2256
3821
204
2688
3696
1261
2292
106
5089
4618
3230
4381
1183
5178
3659
2444
4202
1296
3286
984
202
2155
3742
1975
3817
1957
4768
5142
2816
1553
1822
5083
1070
3957
1139
5376
3810
4026
4929
3715
5145
1803
427
647
4483
4341
3850
622
2753
284
3783
3005
5715
5152
5629
122
627
813
1118
4179
3726
1961
1316
3974
5475
3571
624
5900
1911
3202
3322
4960
2199
589
4016
1826
791
5059
1189
2079
1937
927
3562
3222
1475
3816
5196
2215
1184
4236
1219
3804
3063
4509
1403
4760
82
498
477
2491
3800
246
5087
3707
1238
5328
4953
2384
5801
2622
1784
904
5633
515
919
4654
3704
247
1869
433
316
4444
3528
137
5400
1989
1769
3211
4338
2845
5439
4971
3563
1888
1555
3829
4424
711
1245
5606
2413
1653
5731
1809
1301
4578
735
2086
4615
2281
811
725
2547
2335
645
5601
3367
896
4356
1854
4239
4153
2189
5691
1105
3243
3831
2762
712
3587
810
3088
1253
3779
2696
733
483
4500
4694
2692
2510
997
2186
728
4522
2924
3738
1661
3869
4462
356
1339
2488
391
2077
4568
5659
3011
5833
5962
2936
4973
5789
1681
5299
5250
2957
3597
2501
2906
3555
698
5144
4250
1654
3971
274
1590
2106
5126
522
1427
3370
367
5670
783
1683
4094
5624
4791
2772
2624
1278
1456
906
5728
3017
2060
5542
1311
2487
2217
5916
3391
2182
3731
3968
3392
4814
2568
2156
3765
1591
3151
5032
909
3200
5828
4778
5368
3336
5457
4895
5
4923
3052
4222
588
4622
5788
3630
5774
2478
5553
3479
837
2836
145
5642
5114
5713
2732
5357
1732
5923
4081
231
5398
324
4634
2825
3192
4792
788
3636
538
167
2325
3236
4982
197
2362
1545
2647
1760
3039
4926
3532
2961
5004
5951
4706
2216
4979
662
3969
1494
2979
792
5582
5639
3983
4497
1423
3830
5162
3242
3206
2820
1873
683
2908
3923
389
3178
5402
4113
2842
3363
1215
5424
1043
185
5077
3074
3041
973
3667
1143
4621
2941
5812
173
1966
2267
3189
2371
3210
1716
1324
2653
5498
2448
1414
486
1202
4943
4203
2943
401
4800
5131
3343
3966
1343
5214
3780
1424
1
5815
1765
3029
2164
1108
5533
3048
4639
5736
5755
5129
3745
686
5076
323
1788
3935
1537
1542
3714
2679
420
1357
4741
3387
4458
5903
5450
1213
1789
4364
4696
5727
1068
3097
283
4211
1034
1900
1069
5685
1868
4433
5099
2167
5407
2275
1432
5517
2807
1392
1808
5274
5577
2129
4064
5926
1483
5053
5583
2851
1960
2871
2695
2191
5046
5756
4606
2305
1992
4781
2177
2813
2525
5192
3570
2635
3081
3120
690
5907
4060
5865
5066
4243
2998
3228
4279
3722
21
4282
4038
2174
2023
482
1993
5961
2572
4762
3012
5006
3229
2835
2901
2437
1620
3538
4728
1570
1091
4866
3293
4501
2074
873
5251
1418
1821
5742
3401
4590
3537
2995
2633
1865
3774
3894
3399
5931
966
2087
5319
5259
342
680
5019
2849
952
938
3767
5433
2052
1982
3912
3209
3154
128
4902
3978
2891
5464
2415
4546
4101
5854
5438
1407
5140
4430
825
1934
157
478
3653
3104
118
4412
4956
5634
4725
505
5979
1512
2665
5460
5516
5125
2034
4058
5234
2756
5434
234
1434
4136
1212
1985
1945
1981
2518
3599
3802
4293
5644
5602
3941
5537
370
573
1225
4396
3395
3140
5739
2048
959
2742
508
610
4296
1543
604
2955
3308
5207
5166
4635
3050
2416
3499
3784
2870
5342
428
3365
5459
771
1576
886
1366
3656
4486
5661
1346
5225
3644
1306
4914
4166
1694
1452
4415
355
239
2560
4077
3642
5706
5215
5780
4643
4048
3233
1310
1909
1279
5796
1341
3994
1467
2145
3740
1899
3179
5071
4502
405
4746
2603
63
3622
102
612
2019
207
4751
4456
3711
2583
5476
1983
5721
729
3323
617
611
1157
4738
814
2511
4907
3394
5416
3558
2569
552
5385
1871
1771
3018
3069
2329
3141
5489
4948
2785
2307
5762
5810
3291
737
48
1986
2934
1232
5136
5832
2404
339
1552
2964
718
132
731
362
3522
2070
1040
3361
1936
3463
4210
2682
1250
3251
3851
2269
862
2463
2071
4972
5208
4004
4347
1303
2103
1362
5821
5544
1442
1927
1679
3376
2084
4116
111
4536
5795
4756
4790
4612
5175
1813
188
958
2419
3296
5240
279
1129
3906
3473
3350
4348
5530
2848
5930
1845
3778
468
2843
5256
2234
3604
3139
1538
3159
2952
4336
5689
287
1693
2100
1828
2527
3736
4352
1485
2827
891
568
4358
4789
2983
4713
2935
1795
1277
3801
1942
3058
3025
1161
1382
322
1420
5518
3026
1846
3274
3782
260
549
5692
846
5981
2713
3525
4422
2338
5010
3219
1126
3302
3940
4261
4054
539
3224
4852
1083
3662
3077
4520
5106
1827
1359
3699
5062
4151
4036
3625
935
3654
5191
2340
3744
5393
4072
2388
4957
2212
5173
5141
449
1289
1717
4862
42
874
2040
2881
1644
1834
4720
1823
4467
4189
1241
4379
926
924
2442
4295
1104
4053
5127
4408
5271
3216
2844
2544
5911
1404
2061
2867
5826
2059
3128
4479
4191
5680
3278
2213
820
2707
5054
26
4466
2959
5825
4675
577
5397
5662
4947
968
3475
4446
4086
3340
1946
4660
3107
3082
1550
3385
3419
3913
4178
1660
2272
1416
5613
1557
5415
4661
3338
1626
2973
4838
5956
3276
3446
4951
676
2151
3885
4375
5109
4571
3596
3186
4556
3254
372
3325
3226
183
2546
4962
5055
2615
590
2921
3523
5187
3309
3292
277
5190
1272
1798
5674
525
5477
5356
5761
700
2832
3580
3748
3721
1410
1133
2543
5647
4600
3170
4273
857
2917
2600
353
3553
4225
4025
2746
2929
5564
25
3321
4974
2276
1797
4976
2453
754
1327
2741
2588
3883
4127
3389
1669
1356
2590
1342
3153
187
10
1244
1912
3250
1192
5595
1094
2137
4067
3539
4562
4227
998
1883
5399
1637
4195
3150
151
457
5323
3986
4199
223
3380
494
3730
503
5690
3879
3550
3330
5914
3902
1952
2839
3073
2076
4083
620
4582
3193
5369
3838
2107
3583
4604
5523
3524
3412
4449
1231
1412
4620
5309
3003
2885
1820
5352
492
3234
1885
221
4405
717
2051
3921
703
3739
1379
5268
252
2264
2594
5748
3543
3102
1363
4066
4900
2482
3497
2965
1702
14
2376
5586
1954
2206
1293
4682
5321
1249
2425
1395
4491
1677
2244
534
2894
2058
2743
3877
4977
3304
4839
2172
5045
3289
1320
1439
1082
1072
3603
5343
2239
1089
4710
3218
4253
5197
4363
1609
4901
1973
5086
4994
1090
4868
533
4266
2173
84
3675
4939
1340
5228
5912
1676
2985
3137
4339
764
5787
603
795
4061
3825
2166
4988
2754
2875
1616
4270
5805
4432
3191
1087
687
4112
4989
5100
36
3905
117
1281
4120
4328
5641
2160
4326
986
4565
5241
5656
4263
4849
2542
2469
540
4284
2541
5534
5375
1010
4398
4003
5779
4885
340
59
3042
1312
4802
866
5223
565
4426
787
1602
3530
4409
5496
1509
5219
1388
4274
5559
2773
5547
2351
760
5671
3509
4771
5494
1141
3492
845
1048
2863
5578
2429
347
3071
2438
5111
2777
2187
5414
2800
3672
2747
548
2259
2897
2497
782
2322
3483
2852
1441
679
5848
3148
4912
1317
2645
1487
3681
2230
2895
5632
3422
3034
4438
5953
3452
3864
3279
817
3873
4983
5986
2650
4534
5849
1876
2882
5466
289
2008
3849
497
507
4640
267
1628
3207
172
2722
1997
2014
1987
776
1100
5151
3342
67
5980
1988
5628
2984
5058
3541
1815
531
4503
5937
5374
2098
3208
1024
5511
5340
4564
5816
3896
2612
1210
2958
4764
2853
1262
250
256
2796
5839
5484
5081
1096
4235
5370
4365
2410
3252
4810
4305
858
5873
1634
3468
3854
861
4055
5557
2705
985
1288
1791
1575
459
3478
1151
2619
5164
290
2520
463
3930
4846
2000
1587
5320
523
5474
1787
3281
2719
1728
253
626
702
3165
2704
3904
575
5314
753
5844
1608
75
3386
1203
2102
512
2328
2664
103
697
3755
3544
5704
929
3671
3578
5289
375
4999
1613
417
5917
567
563
3418
3513
1580
4346
5435
1561
3374
2725
5989
5887
1274
158
97
1280
1805
5463
4964
5448
2233
1749
801
1323
3673
716
4154
4505
2150
5565
4156
2755
2157
2739
5743
5294
5701
1075
5744
2802
4152
270
5772
5388
1586
5146
3070
2715
2492
722
5786
3684
3870
1790
2440
4795
1858
2069
1201
2015
2457
2858
965
453
415
2485
2258
4260
2109
546
936
5835
2154
1640
2674
2655
2465
484
1816
3126
1721
3846
131
777
1490
3797
1920
2039
5095
4572
4856
5588
5955
885
5134
3260
1943
5079
3019
5566
2521
2980
4598
1529
1650
629
4980
5726
2381
5765
693
1153
668
380
2553
3649
3414
23
5708
4490
5960
1785
2666
3488
2359
2200
4530
785
4558
348
4508
2509
1498
2280
5978
5851
4775
302
5358
5325
3920
5921
1290
1750
3244
942
2602
4997
3212
2804
3719
2562
2605
3789
2694
2778
1621
2559
1926
5677
1562
1726
3379
5545
5902
1673
3168
5889
71
1680
4102
2383
3157
2701
496
1429
4551
1525
5784
2490
658
1318
4050
192
2774
2693
3328
276
3933
328
1528
3691
2558
2143
5025
1922
5304
2951
1358
4613
1897
1651
526
819
3090
1120
1536
3067
2254
3925
3806
5718
3862
2062
1478
3867
3021
4133
2690
4967
2405
4159
4905
5278
2540
2697
3759
5607
1970
4805
3946
4175
4406
3882
2198
2148
3798
1904
5703
2188
2926
3053
2667
4498
383
2589
5556
2262
3842
5189
3288
664
1172
596
5003
1890
2293
2727
1425
1744
3504
4942
2752
3028
628
1698
414
5371
3860
3581
5051
4169
1394
3559
2585
4041
5949
2165
660
1060
1173
1707
1614
5591
1662
4633
1337
1031
1402
4630
3311
621
4759
2377
557
5524
3215
5404
1383
3953
806
4794
2888
4813
2042
3261
4763
1188
808
3934
2761
4460
5440
5814
44
4139
1592
5308
3430
2025
4065
1874
863
480
2088
921
3697
481
5202
5875
524
928
1254
3072
2556
1002
2587
3125
3409
831
5341
3952
1056
2197
5047
5472
3655
4194
1114
2285
1492
955
64
2043
5233
4777
17
5908
3197
3032
4333
3114
2240
2770
2963
995
1267
65
5768
4513
4655
4724
2055
1861
1962
3512
104
663
1632
1672
4220
4280
4975
5409
4085
4485
1444
2006
5818
1391
5806
2260
4323
5829
4428
1308
2740
3786
5070
5778
3498
259
1152
3692
1855
87
465
4991
527
961
79
5036
1722
288
2064
5676
2122
3542
5944
1696
1095
2409
297
3560
116
3166
2757
2312
5153
3526
5115
4107
2374
562
3294
1437
5176
1953
967
1066
5249
4142
5163
2428
2081
1585
2629
3247
315
341
2393
273
642
385
3403
43
388
4519
5987
1898
704
3861
4996
2050
4337
2093
1843
5505
3410
298
1110
2434
2353
1294
80
2815
638
4371
1733
5769
3313
3091
3117
2681
2390
4560
4429
2814
3856
4009
4585
2970
2989
2930
1344
1737
466
1080
1906
583
4355
4132
4754
1476
90
4024
5017
4186
3546
5867
1583
2581
85
4262
1951
4841
2284
3936
3062
2422
5026
750
1360
1067
5222
5427
4532
3339
5820
925
5143
368
4652
4001
4691
3269
1761
981
800
4808
2914
1687
3566
976
4144
2303
4385
1307
4011
4678
793
978
1163
1027
4233
4628
1007
3089
4506
2799
3709
3007
2721
2574
4447
5426
2887
3965
1622
917
5243
4470
554
2884
2960
4712
989
3855
1227
3172
1645
734
3263
5480
4401
2709
1102
2033
108
2687
3115
657
4723
3734
5050
4015
878
56
4494
2012
2856
210
3098
5301
2350
2302
2592
4042
4608
5630
979
2533
3429
3061
2595
4283
3694
1464
1540
4122
4766
4248
3185
3450
5800
4705
5060
4722
5546
5775
5419
13
230
3149
4552
5734
5830
2459
2889
914
3135
5532
2266
1146
4095
3703
1081
359
5063
2846
4857
1036
5359
962
5686
1353
4804
2950
2031
4870
4187
2411
1606
839
2821
3366
3121
632
4255
4903
2083
1777
1380
5538
4229
1597
4367
93
4995
1166
5515
3991
5348
443
39
422
2481
2776
3614
3205
4427
387
491
5245
1867
3708
3888
5836
3741
1099
613
2243
2828
5603
2450
3346
5405
4703
4774
3551
5886
2812
3508
1817
5198
2347
1524
5360
4106
4770
5002
3647
5672
4234
3701
4698
5879
2316
222
3027
5049
1741
429
940
3183
4193
3900
3176
5574
5417
1084
2903
2495
4784
2840
1757
4518
1617
5594
5199
2677
4940
1206
2131
226
2026
3297
2208
2795
1186
3619
637
1499
3433
1948
5592
1725
4008
2454
5283
4836
5749
4684
314
4469
3611
1246
2523
205
1258
3967
3246
2899
278
162
1345
2869
1887
1778
4676
4750
3466
472
867
1158
5509
248
848
20
4155
3954
3686
3375
3988
1779
1504
4272
3687
937
3493
1810
2928
4681
2089
2386
4541
126
3552
3568
2360
2910
5874
3357
1145
489
2473
4595
5401
1964
1812
4783
4125
4569
5569
416
2036
898
5967
3040
667
2101
305
2673
2418
5387
4124
371
233
2468
1299
215
2045
4504
1086
4431
5684
2524
558
2472
5640
37
1365
3099
4716
3397
5811
5103
4887
2304
1629
1471
3043
3184
379
1969
4413
4370
3106
688
57
1460
1030
31
4082
2685
5752
5420
521
4673
5881
3004
1150
2532
5831
4626
4499
4687
4526
3432
4162
1000
3660
4801
4271
1929
3753
225
3956
392
4920
778
897
2923
3093
4051
2227
445
3685
2651
5116
1115
1168
3820
1995
2996
3127
5201
1482
5235
5745
1814
264
2733
4525
1332
3490
794
3275
1399
3799
2662
2044
5028
4709
2119
1730
312
3136
2170
1780
5167
809
4653
3785
2675
364
3158
535
4559
2144
912
5611
3051
2221
4380
5842
2433
3949
5747
3706
4221
2332
1776
5732
1465
4739
46
1421
5753
3601
4465
684
451
4078
4969
2783
1211
3605
5064
5098
3203
4417
1252
50
1377
4208
3334
5306
5181
5766
1884
1532
3440
943
3540
1697
4702
1839
5859
2620
3981
766
2750
875
1507
1455
1924
2209
1045
1601
5337
5705
5451
2866
3169
1149
4308
2902
1824
2714
1908
470
5291
4241
5864
169
5168
5946
4287
4351
3666
2412
5724
4435
2538
141
807
990
5622
4861
4772
5339
4758
708
1265
511
4888
3059
541
3702
2372
1381
5610
439
5425
2876
4254
3083
227
3405
5855
1257
407
213
5257
5349
2728
1472
1005
1236
1692
1295
1547
2022
3035
257
537
3932
915
1408
3818
1923
4343
1860
4742
4668
4937
5270
2400
5503
5807
5834
4392
8
3683
418
2141
4045
4689
3455
1174
4020
4171
3833
2639
4647
1144
220
2357
4104
5128
2147
5649
350
5084
2407
579
5333
1727
3277
1328
3109
2245
2159
759
479
1772
1903
2236
155
3507
4727
5669
4030
954
3812
2613
3220
3832
849
608
864
3344
2324
4984
1447
3602
5666
3305
2898
3575
4172
4245
3727
1433
411
404
1106
1751
4200
5130
4735
179
109
3437
696
1825
1119
1549
4097
5694
5148
1179
2111
2567
630
3355
2554
272
3809
5857
4883
1400
5313
1269
3756
189
4063
4129
397
2528
1255
2255
3360
4087
3572
1012
4827
1755
2257
5974
3554
2364
4325
1053
4143
2456
2861
1567
5580
2010
4881
4579
4636
1551
5485
329
1978
3872
3214
4757
4663
2859
3265
4492
1016
52
2737
1914
4168
4126
5581
3608
671
1247
2976
1566
5014
15
830
124
5737
1386
2110
5519
5733
1014
1633
1682
2358
3590
4158
1162
3368
3746
1384
2104
946
5492
4685
1893
510
3480
4345
5600
815
4340
2597
5840
5932
5966
953
1720
2449
434
3213
5334
5627
58
5802
5413
2163
3496
571
4464
4059
4877
5072
2945
1156
709
5682
1880
2252
1334
5710
2500
4161
1454
3567
1352
1913
1406
412
5364
5147
4114
3316
5922
5020
1541
4840
3929
2990
3840
3146
5770
3822
5852
569
2218
1712
94
3301
1496
308
5107
761
5754
5608
3747
4184
458
2759
553
3626
2238
4550
4459
4891
2496
930
1991
2670
4455
5436
5482
4516
1738
4289
5247
3327
3400
4315
3609
282
2893
5988
2063
3984
3574
2763
1734
3948
1136
3332
5626
4624
98
1170
3341
4830
3527
61
3505
996
4335
3766
53
3682
5258
4744
3621
243
300
1594
1844
4052
193
2394
3087
5683
1208
5082
4874
1853
1818
2578
2993
2735
3668
5461
2971
3287
5061
4407
3384
1584
1453
2561
2586
3511
2931
3495
1917
1894
2909
586
3108
1051
3044
1214
2625
685
2537
3762
1473
2751
3008
5984
1710
334
4704
957
5905
1057
1001
4334
5290
4451
180
3024
4028
2152
5576
5798
5928
1510
4511
3454
5493
639
4307
576
2408
191
1200
1109
4894
1113
2530
2630
4218
2477
3992
844
3381
3506
701
2789
1263
3113
5033
3290
2850
4217
1500
1638
4955
1417
2570
3887
779
2566
1234
1535
4359
895
1666
1221
3248
4002
430
1593
4686
4130
4605
5863
3545
5408
1428
1671
3516
1762
1752
29
3132
656
1955
366
5422
5696
2445
4176
95
4440
4472
2090
4642
3364
1774
4776
2099
309
3285
2661
5410
5678
3295
1003
3975
1793
5347
5792
4163
5983
456
4863
3238
5568
431
4252
3993
2313
2790
2067
1735
991
317
1130
406
268
5073
4586
3407
3824
1468
2782
5018
2038
2451
4230
1523
1297
4246
2614
4878
3584
5804
3204
4692
1305
1194
5030
196
5395
4547
2398
5263
318
3638
3393
5688
1610
934
3827
5631
1349
3299
2508
395
4361
3618
446
4121
1426
3624
4890
4439
1006
1218
4278
745
3164
5255
4554
634
421
5183
1556
659
3710
3928
1701
4610
833
5862
5252
4034
5316
4575
2912
5555
114
3324
2066
4148
4908
2341
5332
3337
4313
681
4044
4005
5194
5229
5563
4886
2672
4000
5702
4404
2718
4277
3871
1165
3472
5824
3561
4963
856
1283
3914
3002
4495
5982
2460
2057
1746
4399
3791
889
1564
992
206
307
3712
5551
850
908
5491
1959
5909
3962
5957
5975
615
4843
1180
4303
4721
4880
1559
5657
2231
4745
5022
1667
1101
5212
555
714
4819
2185
454
4033
1335
5280
1191
2831
2830
3836
3101
1038
4517
4373
3663
5573
5272
1074
5303
3639
5520
4837
4092
3945
4867
821
5242
143
2860
4589
5110
3651
3235
4884
5501
258
393
4134
198
5890
3853
1073
4672
4331
1148
4637
4357
1656
4463
2857
2710
4816
1035
1747
4817
2247
2095
1015
